C:0   G:68   Parametros:[7.89774905 2.61486951 2.4536393  2.00186705 0.02774145]
C:1   G:38   Parametros:[10.80326476  1.1755168   2.41209102  2.10502955  0.02887716]
